inf
inf
inf
inf
inf
inf
inf
inf
1.079678893089294434e+00
1.060069441795349121e+00
1.053857684135437012e+00
1.027000308036804199e+00
1.008959770202636719e+00
1.008621454238891602e+00
9.983116388320922852e-01
1.014330029487609863e+00
9.960575103759765625e-01
1.001060843467712402e+00
1.011327147483825684e+00
1.028704285621643066e+00
1.041497230529785156e+00
1.065279126167297363e+00
1.092108845710754395e+00
2.119253873825073242e+00
2.132795095443725586e+00
2.239466905593872070e+00
3.363641977310180664e+00
3.285309791564941406e+00
3.180077552795410156e+00
3.111169815063476562e+00
3.145004272460937500e+00
3.149474143981933594e+00
3.136013746261596680e+00
3.149472713470458984e+00
3.159590005874633789e+00
3.170128583908081055e+00
3.113986492156982422e+00
3.052911996841430664e+00
2.975031614303588867e+00
2.910524845123291016e+00
2.864263772964477539e+00
2.806385278701782227e+00
2.761371374130249023e+00
2.706563711166381836e+00
2.672600746154785156e+00
2.639172554016113281e+00
2.583143234252929688e+00
2.540714502334594727e+00
2.520587921142578125e+00
2.475661993026733398e+00
2.451608180999755859e+00
2.405237436294555664e+00
2.381279945373535156e+00
2.318439960479736328e+00
2.328359603881835938e+00
2.300633668899536133e+00
2.279364109039306641e+00
2.245570421218872070e+00
2.224327087402343750e+00
2.200834989547729492e+00
2.182515859603881836e+00
2.176565647125244141e+00
2.124577045440673828e+00
2.123624086380004883e+00
2.119810819625854492e+00
2.088341474533081055e+00
2.066922426223754883e+00
2.055805683135986328e+00
2.046847343444824219e+00
2.024547338485717773e+00
2.020188093185424805e+00
1.999834179878234863e+00
1.996816992759704590e+00
1.990075826644897461e+00
1.993920445442199707e+00
1.957785487174987793e+00
1.968900799751281738e+00
1.952884554862976074e+00
1.972089886665344238e+00
1.947029232978820801e+00
1.946036696434020996e+00
1.929031252861022949e+00
1.914301991462707520e+00
1.856206059455871582e+00
1.789324998855590820e+00
1.736374855041503906e+00
1.681657791137695312e+00
1.621547818183898926e+00
1.582589507102966309e+00
1.552007555961608887e+00
1.490929007530212402e+00
1.450599074363708496e+00
1.442296504974365234e+00
1.365035533905029297e+00
1.335024595260620117e+00
1.308539628982543945e+00
1.291059970855712891e+00
1.255265593528747559e+00
1.225365996360778809e+00
1.208050727844238281e+00
1.175207376480102539e+00
1.143901944160461426e+00
1.153257489204406738e+00
1.120451331138610840e+00
1.103992700576782227e+00
1.082246065139770508e+00
1.073872685432434082e+00
1.061673045158386230e+00
1.037782669067382812e+00
1.009882926940917969e+00
1.014126777648925781e+00
1.010590553283691406e+00
9.697252511978149414e-01
9.619772434234619141e-01
9.691127538681030273e-01
9.390257596969604492e-01
9.233366250991821289e-01
9.311403036117553711e-01
9.228460788726806641e-01
9.231126904487609863e-01
9.067929387092590332e-01
8.893432617187500000e-01
8.736846446990966797e-01
8.977255821228027344e-01
8.784637451171875000e-01
8.726617097854614258e-01
8.709098100662231445e-01
8.422986865043640137e-01
8.326783180236816406e-01
8.385221362113952637e-01
8.492657542228698730e-01
8.210673928260803223e-01
8.316944241523742676e-01
8.172279000282287598e-01
8.101891279220581055e-01
8.237201571464538574e-01
8.171886801719665527e-01
8.147792220115661621e-01
8.003521561622619629e-01
8.108453750610351562e-01
8.086246252059936523e-01
8.009456396102905273e-01
7.979289889335632324e-01
8.021658658981323242e-01
7.859786152839660645e-01
7.959849238395690918e-01
7.946757078170776367e-01
7.970286607742309570e-01
7.940107583999633789e-01
8.028328418731689453e-01
8.109016418457031250e-01
8.184411525726318359e-01
8.185224533081054688e-01
8.094239234924316406e-01
7.952997684478759766e-01
8.055957555770874023e-01
8.050428032875061035e-01
8.123399019241333008e-01
8.240690231323242188e-01
8.133982419967651367e-01
8.287402987480163574e-01
8.200091719627380371e-01
8.099763989448547363e-01
8.455733060836791992e-01
8.281733989715576172e-01
8.337765336036682129e-01
8.411945700645446777e-01
8.567839860916137695e-01
8.511947989463806152e-01
8.418527245521545410e-01
8.611931204795837402e-01
8.595818877220153809e-01
8.887932300567626953e-01
8.937979936599731445e-01
8.841477036476135254e-01
9.088680744171142578e-01
8.970051407814025879e-01
9.205490350723266602e-01
9.178888797760009766e-01
9.440354704856872559e-01
9.473580121994018555e-01
9.694549441337585449e-01
9.759660959243774414e-01
9.679369330406188965e-01
9.589365720748901367e-01
9.494898915290832520e-01
9.365802407264709473e-01
9.352887272834777832e-01
9.277809262275695801e-01
9.288906455039978027e-01
9.321259856224060059e-01
9.079468846321105957e-01
9.035938382148742676e-01
8.920797109603881836e-01
8.974426388740539551e-01
8.887941241264343262e-01
8.971303105354309082e-01
8.882153034210205078e-01
8.695788979530334473e-01
8.660394549369812012e-01
8.678466677665710449e-01
8.693677783012390137e-01
8.803781867027282715e-01
8.748143911361694336e-01
8.723328709602355957e-01
8.732554316520690918e-01
8.950179815292358398e-01
9.354726672172546387e-01
9.829108119010925293e-01
9.991348981857299805e-01
1.034581422805786133e+00
1.047557353973388672e+00
1.087240815162658691e+00
1.153867483139038086e+00
1.187835097312927246e+00
1.232247948646545410e+00
1.296798825263977051e+00
1.331004142761230469e+00
1.416566491127014160e+00
1.427545189857482910e+00
1.452431440353393555e+00
1.445965290069580078e+00
1.461064338684082031e+00
1.462649345397949219e+00
1.460166692733764648e+00
1.461758255958557129e+00
1.499533653259277344e+00
1.493264198303222656e+00
1.521409273147583008e+00
1.519955039024353027e+00
1.511197686195373535e+00
1.537908196449279785e+00
1.564964175224304199e+00
1.568934679031372070e+00
1.579636335372924805e+00
1.595706939697265625e+00
1.626272916793823242e+00
1.628196835517883301e+00
1.654996633529663086e+00
1.657414674758911133e+00
1.683620929718017578e+00
1.686747074127197266e+00
1.708474040031433105e+00
1.737997651100158691e+00
1.763762354850769043e+00
1.780133605003356934e+00
1.798641800880432129e+00
1.829777956008911133e+00
1.853046894073486328e+00
1.883914351463317871e+00
1.928793549537658691e+00
1.955827951431274414e+00
1.980379343032836914e+00
2.041921138763427734e+00
2.055700063705444336e+00
2.107870817184448242e+00
2.144731998443603516e+00
2.174314737319946289e+00
2.230182647705078125e+00
2.290192365646362305e+00
2.330169200897216797e+00
2.391792774200439453e+00
2.452463388442993164e+00
2.530452966690063477e+00
2.584845781326293945e+00
2.662534236907958984e+00
2.731902360916137695e+00
2.792201757431030273e+00
2.828290462493896484e+00
1.937316805124282837e-01
1.632468402385711670e-01
1.567329019308090210e-01
1.475731879472732544e-01
1.482149809598922729e-01
1.467371731996536255e-01
1.455703675746917725e-01
1.322249323129653931e-01
1.282626986503601074e-01
1.346780657768249512e-01
1.415436118841171265e-01
1.219705417752265930e-01
1.218273192644119263e-01
1.199999973177909851e-01
1.199999973177909851e-01
1.312317550182342529e-01
1.307490020990371704e-01
3.730380535125732422e-01
4.008807539939880371e-01
3.759816288948059082e-01
3.837280273437500000e-01
3.987245261669158936e-01
3.838853836059570312e-01
3.867185711860656738e-01
4.005416333675384521e-01
3.909264206886291504e-01
4.051023125648498535e-01
3.888724744319915771e-01
4.172142446041107178e-01
3.952791988849639893e-01
4.149016439914703369e-01
4.274603426456451416e-01
4.279273152351379395e-01
4.154726266860961914e-01
4.154668450355529785e-01
4.036063551902770996e-01
4.311345815658569336e-01
4.282151460647583008e-01
4.229390919208526611e-01
3.992036283016204834e-01
4.083332717418670654e-01
3.984524011611938477e-01
3.887543678283691406e-01
4.084736108779907227e-01
3.971315622329711914e-01
3.915347754955291748e-01
4.097007215023040771e-01
4.065282344818115234e-01
4.010737836360931396e-01
3.935357928276062012e-01
3.615764975547790527e-01
3.871256709098815918e-01
3.871361613273620605e-01
3.661505877971649170e-01
1.199999973177909851e-01
1.268854737281799316e-01
1.319480538368225098e-01
1.404286026954650879e-01
1.265911906957626343e-01
1.356823444366455078e-01
1.357401758432388306e-01
1.281985938549041748e-01
1.442843377590179443e-01
1.555730998516082764e-01
1.222364455461502075e-01
1.421349495649337769e-01
1.565073281526565552e-01
1.916995793581008911e-01
1.584350764751434326e-01
1.890629231929779053e-01
1.621746659278869629e+00
1.646508693695068359e+00
1.690849184989929199e+00
inf
inf
inf
inf
inf
inf
inf
inf
inf
inf
inf
2.534957408905029297e+00
2.452507495880126953e+00
2.471631288528442383e+00
2.440567970275878906e+00
2.458094358444213867e+00
2.496304035186767578e+00
inf
